400
938
990
145
948
584
612
767
52
574
858
178
565
639
878
269
728
547
650
535
825
217
56
529
231
189
723
373
885
112
140
126
278
583
410
514
814
859
726
776
790
705
921
746
765
315
695
616
204
411
545
675
681
486
584
52
436
881
79
461
961
160
305
517
791
853
318
833
237
449
925
528
274
109
147
708
629
220
848
113
645
199
161
684
423
328
417
270
74
521
797
193
423
975
414
364
855
993
102
914
863
589
878
817
594
475
605
921
306
109
870
581
62
301
153
3
801
973
478
203
867
185
583
608
651
772
689
831
453
158
686
43
657
42
406
688
448
744
357
504
693
308
331
675
576
959
398
598
474
214
185
639
334
687
214
641
472
613
461
446
237
564
885
5
131
428
40
834
208
541
120
575
738
732
85
386
308
620
70
900
656
641
113
705
395
981
91
746
838
35
406
997
71
191
417
534
63
347
630
249
719
220
213
740
911
153
67
767
480
690
758
355
122
1
509
746
667
231
98
887
844
710
816
8
116
458
657
875
865
361
354
696
788
628
575
385
169
322
802
136
768
629
399
603
75
414
179
818
744
479
601
658
141
980
536
34
531
519
254
933
833
845
548
507
427
325
839
552
691
224
517
226
104
520
934
809
384
990
755
386
613
853
35
853
905
909
116
257
733
764
511
78
595
311
304
24
88
893
916
257
84
569
924
494
908
463
626
838
585
373
328
50
450
731
13
565
123
131
76
648
952
710
538
77
121
224
128
788
882
112
267
343
332
142
116
835
579
196
965
920
207
659
322
151
864
522
977
497
688
122
922
661
968
400
797
974
934
743
234
663
387
586
84
312
97
910
973
216
124
932
968
443
837
567
804
16
422
352
96
328
317
503
672
743
142
820
489
260
29
805
627
75
481
318
511
902
699
426
182
46
980
574
254
924
741
787
101
650
726
274
204
696
451
246
963
737
390
813
96
161
473
837
152
600
964
366
398
756
838
724
652
999
882
377
122
203
162
38
109
796
834
969
350
994
132
131
298
273
624
704
931
193
705
323
588
806
190
42
434
717
529
405
561
75
388
913
462
581
627
986
509
934
615
961
76
857
11
786
491
972
193
266
523
143
38
32
186
830
622
662
855
710
557
1000
864
397
150
634
77
939
775
653
580
562
146
582
495
84
107
220
996
922
25
650
416
714
46
757
450
124
961
462
72
317
505
431
139
917
373
972
439
494
421
980
30
641
127
887
977
173
456
801
73
692
16
387
160
369
822
435
134
649
506
899
816
310
864
987
120
377
21
33
326
253
237
736
728
791
704
864
882
368
288
385
847
928
716
846
723
129
509
166
689
909
285
978
191
817
98
567
26
132
749
914
656
757
421
127
412
30
472
234
147
5
947
65
19
445
341
373
889
119
713
889
10
525
839
713
323
445
96
404
261
60
359
523
207
87
440
663
966
42
56
120
367
304
246
855
565
88
108
102
897
303
485
218
415
253
471
631
991
342
791
95
774
797
359
28
147
17
241
637
496
825
845
408
412
528
962
717
709
864
546
545
294
492
733
539
986
931
411
949
4
114
357
6
787
517
193
902
212
316
296
44
42
326
88
672
714
205
685
340
173
129
310
301
901
399
809
499
607
573
107
932
585
723
80
533
779
742
294
559
863
687
107
14
192
89
153
236
544
412
567
163
180
55
906
859
965
659
374
444
536
677
894
480
931
222
279
115
173
293
533
395
927
72
869
466
608
801
662
47
98
49
994
849
881
306
38
897
745
268
990
950
784
5
347
39
170
459
993
737
419
207
454
27
832
303
964
493
14
304
261
677
214
317
885
292
681
691
585
919
67
312
575
526
617
40
619
217
982
398
526
859
847
643
977
979
183
949
847
515
565
834
46
826
184
350
631
712
545
480
35
138
667
722
9
952
226
909
989
304
279
643
725
149
856
522
921
72
911
582
542
642
345
12
776
653
132
582
824
367
649
315
250
642
900
387
734
484
820
807
801
541
171
117
858
412
484
680
61
248
399
414
515
611
719
4
405
292
101
430
831
475
10
327
832
483
870
313
566
303
740
556
597
812
625
622
689
234
7
462
120
6
790
866
392
574
513
504
442
676
464
709
19
701
871
375
666
742
454
664
933
137
773
929
30
460
926
958
706
771
63
841
893
901
879
849
453
706
353
944
999
821
598
204
902
535
794
423
82
905
411
767
343
837
25
33
362
4
915
837
835
695
582
632
46
805
351
781
407
12
829
785
257
218
265
827
788
709
615
586
940
995
815
21
254
180
521
102
